747.646 -1851.18 28.5440474  77.2725022
244.646 -1851.18 28.5440608  77.2725970
244.646 -1571.18 28.5440339  77.2725894
-1538.35 -1571.18 28.5440760  77.2724121
-1538.35 -888.177 28.5440187  77.2723911
-85.3535 -888.177 28.5439853  77.2725403
-85.3535 -441.177 28.5439438  77.2725268
-1538.35 -441.177 28.5439783  77.2723794
-1538.35 241.824 28.5439198  77.2723618
-85.3535 241.824 28.5438853  77.2725087
-85.3535 688.823 28.5438449  77.2724952
-1538.35 688.834 28.5438800  77.2723495
-1538.35 1371.99 28.5438203  77.2723314
210.146 1371.82 28.5437799  77.2725087
210.146 1791.32 28.5437419  77.2724935
423.146 1791.32 28.5437372  77.2725139